0095
0634
0151
0144
0429
0395
0177
0585
0250
0131
0147
0158
0510
0352
0688
0460
0210
0285
0340
0132
0362
0344
0299
0134
0225
0152
0101
0140
0305
0250
0206
0374
0123
0124
0128
0126
0172
0125
0130
0281
0289
0122
0133
0118
0116
0133
0164
0162
0242
0176
0156
0111
0217
0536
0529
0507
0528
0389
0412
0116
0137
0120
0116
0121
0167
0108
0629
0237
0263
0252
0233
0120
0217
0344
0116
0233
0326
0135
0107
0285
0327
0200
0302
0637
0317
0109
0282
0268
0307
0237
0146
0106
0278
0233
0184
0259
0382
0351
1521
1548
0630
0343
0333
0477
0371
0348
0499
0413
0301
0349
0304
0125
0124
0135
0443
0296
0216
0271
0270
0232
0212
0672
0557
0628
0208
0629
0631
0167
0202
0562
0169
0155
0159
0207
0152
0208
0075
0448
0588
0326
0392
0542
0345
0433
0371
0352
0680
0375
0494
0227
0480
0243
0701
0535
0314
0223
0512
0621
0258
0286
0426
0294
0315
0316
0291
0508
0273
0378
0262
0278
0262
0217
0233
0303
0249
0285
0209
0230
0368
0269
0403
0300
0220
0232
0015
0358
0293
0238
0348
0161
0037
0280
0317
0217
0237
0172
0654
0382
0662
0722
0763
0315
0612
0740
0552
0820
0678
0558
0507
0423
0544
0466
0400
0683
0348
0459
0702
0414
0311
0641
0352
0602
0185
0606
0577
0167
0192
0182
0228
0158
0179
0184
0132
0155
0158
0178
0494
0419
0382
0430
0450
0500
0459
0621
0450
0395
0407
0437
0378
0216
0403
0276
0092
0390
0272
0409
0375
0312
0344
0302
0331
0256
0206
0350
0310
0211
0319
0316
0311
0276
0239
0192
0504
0121
0311
0317
0550
0245
0167
0385
0233
0519
0624
0250
0211
0688
0642
0580
0173
0357
0328
0398
0314
0174
0235
0227
0365
0150
0144
0308
0345
0340
0301
0413
0457
0072
0379
0346
0348
0005
0070
0141
0251
0258
0228
0118
0353
0263
0216
0201
0205
0145
0145
0116
0130
0175
0166
0224
0198
0227
0145
0313
0249
0247
0150
0200
0119
0122
0151
0234
0116
0254
0166
0128
0214
0139
0097
0208
0326
0089
0149
0116
0142
0189
0198
0204
0175
0261
0124
0069
0134
0336
0238
0252
0263
0187
0418
0325
0233
0229
0501
0387
0542
0382
0540
0309
0225
0393
0333
0492
0179
0235
0305
0239
0240
0202
0142
0185
0211
0223
0132
0164
0274
0119
0183
0191
0287
0136
0118
0152
0135
0118
0116
0135
0131
0188
0144
0140
0133
0138
0121
0133
0212
0130
0135
0137
0176
0131
0158
0151
0147
0145
0212
0298
0134
0209
0248
0160
0128
0197
0179
0184
0183
0142
0203
0222
0176
0096
0113
0126
0104
0181
0096
0205
0123
0096
0194
0188
0126
0112
0177
0143
0199
0138
0110
0357
0282
0287
0282
0388
0315
0288
0193
0115
0145
0266
0259
0116
0317
0137
0194
0116
0160
0224
0116
0134
0195
0167
0183
0119
0132
0133
0121
0136
0140
0172
0127
0146
0138
0162
0168
0116
0151
0116
0149
0115
0123
0133
0120
0214
0136
0132
0117
0155
0180
0121
0160
0153
0123
0094
0118
0218
0117
0144
0114
0122
0166
0091
0184
0136
0143
0147
0136
0259
0211
0140
0128
0166
0140
0110
0187
0138
0177
0185
0238
0510
0544
0558
0428
0467
0590
0406
0575
0605
0444
0501
0531
0507
0579
0447
0277
0417
0471
0458
0424
0116
0134
0123
0263
0187
0132
0197
0117
0141
0183
0176
0145
0183
0115
0251
0119
0118
0172
0121
0416
0226
0119
0224
0282
0168
0264
0270
0116
0131
0446
0187
0526
0397
0248
0260
0119
0337
0494
0292
0116
0495
0294
0291
0357
0116
0423
0188
0145
0196
0345
0132
0156
0122
0135
0108
0285
0152
0192
0199
0172
0202
0186
0197
0334
0278
0210
0111
0164
0223
0482
0320
0552
0520
0343
0561
0583
0636
0726
0726
0608
0587
0262
0245
0225
0438
0235
0287
0295
0260
0253
0162
0215
0133
0243
0301
0158
0224
0210
0288
0312
0185
0187
0299
0185
0252
0250
0265
0338
0213
0186
0226
0309
0266
0119
0150
0225
0460
0217
0208
0129
0203
0162
0122
0123
0133
0244
0486
0175
0287
0335
0365
0256
0231
0219
0297
0289
0119
0365
0128
0155
0140
0361
0413
0139
0298
0289
0194
0346
0185
0171
0140
0165
0196
0188
0316
0252
0281
0125
0439
0190
0244
0543
0243
0218
0332
0363
0202
0425
0398
0389
0391
0353
0241
0331
0348
0380
0184
0485
0313
0319
0382
0283
0500
0491
0363
0356
0328
0218
0414
0257
0221
0127
0106
0144
0383
0423
0119
0107
0256
0282
0492
0467
0492
0361
0250
0276
0303
0557
0276
0290
0127
0125
0234
0341
0127
0238
0393
0323
0212
0318
0125
0333
0128
0312
0107
0126
0247
0379
0309
0356
0352
0358
0179
0256
0106
0254
0228
0188
0272
0272
0115
0324
0289
0455
0285
0341
0354
0361
0323
0212
0381
0444
0369
0522
0385
0487
0169
0177
0113
0110
0162
0112
0156
0167
0318
0107
0110
0455
0176
0122
0219
0111
0108
0109
0116
0109
0108
0127
0111
0151
0821
0576
1478
0950
1299
1656
1274
1345
1042
1138
1260
1396
0797
0799
0700
1991
1822
1623
1550
1364
1328
1256
1092
1082
1968
0859
0725
1072
1234
2047
1935
0840
0755
1609
1901
1769
1928
1047
2392
1292
1292
1291
2387
2460
1525
1555
1523
1557
1511
1464
1616
1529
2132
1709
1606
1593
1555
0427
0411
0498
0425
0668
0383
0384
0575